[PLAYER]
#start_x start_y
0 0
[INFO]
#map_width map_heights offset (chua khoang cach de lam status)
768 192 50
[TILE]
1 1 1 1 1 1 1 1 1 1 1 1 1 1 1 1 1 1 1 1 1 1 1 1 1 1 1 1 1 1 1 1 1 1 1 1 1 1 1 1 1 2 3 4 5 6 7 8
1 1 9 10 9 10 9 10 9 10 9 10 1 1 1 1 1 1 11 12 13 12 13 14 15 16 17 18 1 1 1 1 1 1 1 1 1 1 1 1 19 20 21 22 23 24 25 26
27 28 27 28 27 28 27 28 27 28 27 28 1 1 1 1 27 29 30 31 32 33 32 34 35 36 37 38 39 1 1 1 1 1 1 1 1 1 1 1 40 41 42 43 44 45 46 47
48 49 48 49 48 49 48 49 48 49 48 49 9 10 9 10 48 50 51 52 53 52 53 54 55 56 57 58 59 18 60 61 62 63 64 65 66 67 68 69 40 70 71 72 73 74 75 76
27 28 77 78 27 28 27 28 27 28 27 28 27 28 27 28 27 29 79 80 81 33 32 34 35 36 37 38 82 38 82 83 84 85 86 87 88 89 90 91 92 93 94 95 96 45 7 8
48 49 97 98 48 49 48 49 48 49 48 49 48 49 48 49 48 50 99 100 53 52 53 54 55 56 57 58 101 58 101 102 103 104 105 104 106 107 108 109 41 110 111 112 113 74 114 26
77 78 41 41 77 78 77 78 77 78 77 78 77 78 77 78 77 115 41 41 116 80 116 117 118 119 120 121 122 121 122 123 124 89 125 89 92 41 41 41 41 93 126 127 128 45 46 47
97 98 129 130 97 98 97 98 97 98 97 98 97 98 97 98 97 131 132 133 134 100 134 135 136 137 138 139 138 139 138 140 141 107 142 107 143 144 41 41 41 110 145 146 113 74 75 76
147 148 149 150 41 41 147 148 147 148 41 41 147 148 41 41 151 152 153 154 41 41 155 156 157 158 41 41 159 160 41 41 41 41 41 41 161 162 41 41 41 110 163 164 165 166 167 47
168 169 170 171 172 172 168 169 168 169 172 172 168 169 172 172 173 174 175 176 177 178 179 180 181 182 183 184 185 186 187 188 188 188 189 190 191 192 193 194 195 196 197 198 199 200 201 76
202 202 202 202 202 202 202 202 202 202 202 202 202 202 202 202 203 204 204 205 206 207 207 208 209 210 211 212 213 214 214 214 214 214 215 216 217 218 218 219 220 221 222 223 224 225 226 227
41 41 41 41 41 41 41 41 41 41 41 41 41 41 41 41 41 41 41 41 41 41 41 41 41 41 41 41 41 41 41 41 41 41 41 41 41 41 41 41 41 41 41 41 41 41 41 41