#object_id object_type x y width height extra_setting...

#Simon, x y is start position when swich scene
1 0 18 120 16 30

#Candle, extra setting: item's objectid drop when hit
3 6 32 56 8 16

7 6 160 56 8 16

8 6 288 56 8 16

9 6 416 56 8 16

10 6 544 56 8 16

15 6 736 56 8 16

19 6 928 56 8 16

20 6 1056 56 8 16

21 6 1120 56 8 16

22 6 1180 56 8 16

23 6 1244 56 8 16

25 6 1440 152 8 16

24 6 1372 88 8 16

6 6 96 88 8 16

11 6 224 88 8 16

12 6 352 88 8 16

13 6 480 88 8 16

14 6 608 88 8 16

16 6 672 152 8 16

17 6 864 152 8 16

18 6 992 152 8 16

#Portal, extra setting: scene will be changed to
26 5 1528 160 15 64 3

#Ghoul, extra setting: positive when start
29 7 172 48 16 32 -1

33 7 204 48 16 32 -1

34 7 236 48 16 32 -1

35 7 1200 48 16 32 -1

36 7 1232 48 16 32 -1

37 7 1280 48 16 32 -1

#Brick

42 2 768 24 1536 16

43 2 832 120 160 16

44 2 712 88 48 16

45 2 968 88 80 16

46 2 1464 120 144 16

47 2 1528 72 16 80

#Stair, extra setting: up or down (1: up, -1: down), left or right(1: right, -1: left)
50 10 624 36 24 8 1 1
51 10 684 100 24 8 -1 -1
52 10 720 100 24 8 1 1
53 10 748 132 24 8 -1 -1
54 10 908 132 24 8 -1 1
55 10 944 100 24 8 1 -1
56 10 1296 36 24 8 1 1
57 10 1388 132 24 8 -1 -1